       N       E                     dE             d eps       ncg     rms          rms(c)
DAV:   1    -0.150644346771E+02   -0.15064E+02   -0.17513E+02  6302   0.201E+02
RMM:   2    -0.176955081000E+02   -0.26311E+01   -0.26085E+01  5892   0.361E+01
RMM:   3    -0.176373382333E+02    0.58170E-01   -0.69800E-01  6443   0.665E+00
RMM:   4    -0.176412628522E+02   -0.39246E-02   -0.43038E-02  7222   0.171E+00
RMM:   5    -0.176415609547E+02   -0.29810E-03   -0.31557E-03  6991   0.399E-01
RMM:   6    -0.176415869663E+02   -0.26012E-04   -0.18501E-04  5171   0.965E-02
RMM:   7    -0.176415878004E+02   -0.83411E-06   -0.72336E-06  3356   0.178E-02
   1 F= -.17641588E+02 E0= -.17641110E+02  d E =-.143433E-02
